60.40 49.90 -46.32;
59.94 49.63 -46.63;
59.93 49.56 -46.34;
60.16 49.47 -45.98;
60.31 49.75 -46.01;
60.19 49.38 -46.28;
59.99 49.38 -46.24;
60.26 49.60 -46.50;
60.31 49.34 -46.36;
60.33 49.76 -46.46;
60.10 49.54 -46.53;
60.04 49.47 -46.33;
60.17 49.53 -46.40;
60.48 49.58 -46.06;
60.34 49.54 -46.01;
60.29 49.30 -46.34;
60.21 49.38 -46.36;
60.30 49.79 -46.23;
60.53 49.42 -46.30;
60.24 49.51 -46.60;
60.21 49.55 -46.29;
60.28 49.75 -46.29;
60.25 49.47 -46.59;
60.47 49.86 -45.97;
60.01 49.51 -46.46;
59.84 49.35 -46.35;
60.16 49.52 -46.17;
60.32 49.63 -46.36;
60.56 49.67 -46.06;
60.12 49.64 -46.64;
60.22 49.64 -46.49;
60.29 49.19 -46.31;
60.34 49.56 -46.48;
60.24 49.68 -46.15;
60.08 49.42 -46.51;
60.08 49.18 -46.52;
60.39 49.41 -46.30;
60.36 49.59 -46.02;
60.17 49.66 -46.63;
59.99 49.61 -46.38;
60.00 49.50 -46.17;
60.36 49.98 -46.24;
60.46 49.48 -46.08;
60.37 49.25 -46.38;
59.96 49.42 -46.57;
60.20 49.66 -46.46;
60.44 49.75 -46.32;
60.39 49.83 -46.90;
60.19 49.64 -46.63;
60.16 49.48 -46.52;
60.06 49.46 -46.46;
60.37 49.96 -46.54;
60.11 49.82 -46.51;
59.88 49.53 -46.50;
60.28 49.80 -46.29;
60.36 49.55 -46.36;
60.19 49.79 -46.21;
60.09 49.77 -46.17;
59.90 49.46 -46.52;
60.29 49.84 -46.22;
60.28 50.02 -46.43;
60.24 49.71 -46.42;
60.03 49.85 -46.53;
60.14 49.58 -46.46;
60.21 49.40 -46.10;
60.37 49.65 -46.51;
59.97 49.59 -46.34;
59.89 49.54 -46.21;
60.06 49.43 -46.24;
60.24 49.74 -46.20;
59.90 49.38 -46.39;
60.08 49.39 -46.96;
59.95 49.32 -46.56;
60.31 49.38 -46.16;
60.25 49.64 -46.44;
60.16 49.59 -46.36;
60.19 49.53 -46.44;
60.21 49.54 -46.44;
60.34 49.62 -46.22;
60.14 49.87 -46.27;
60.13 49.51 -46.26;
59.71 49.61 -46.63;
60.20 49.69 -46.31;
60.41 49.80 -46.28;
60.12 49.86 -46.24;
59.86 49.53 -46.31;
59.86 49.68 -46.18;
60.01 49.36 -46.39;
60.22 49.72 -46.66;
60.00 49.95 -46.34;
59.91 49.63 -45.95;
60.11 49.63 -45.78;
60.19 49.37 -46.18;
60.22 49.39 -45.95;
59.99 49.65 -45.83;
60.06 49.42 -45.78;
60.09 49.43 -45.86;
60.17 49.38 -45.99;
60.13 49.28 -45.80;
60.04 49.54 -45.89;
59.90 49.35 -46.17;
60.13 49.63 -45.53;
60.16 49.44 -45.99;
60.28 49.71 -46.08;
59.95 49.57 -45.74;
59.80 49.76 -45.95;
60.22 49.54 -45.69;
60.19 49.28 -45.68;
59.84 49.49 -45.88;
59.86 49.34 -45.93;
59.86 49.34 -45.89;
60.08 49.57 -45.87;
60.16 49.68 -45.93;
59.92 49.35 -45.88;
59.77 49.61 -46.04;
60.08 49.56 -45.74;
60.09 49.46 -45.81;
59.96 49.59 -46.09;
59.79 49.54 -46.09;
59.91 49.56 -45.80;
60.26 49.95 -45.99;
60.06 49.34 -45.68;
59.86 49.30 -45.85;
59.66 49.53 -46.49;
59.98 49.32 -45.53;
59.79 49.56 -46.11;
60.03 49.24 -46.22;
59.90 49.52 -45.86;
59.96 49.40 -45.99;
60.14 49.25 -46.16;
60.01 49.34 -45.86;
60.03 49.52 -46.24;
59.84 49.71 -46.17;
59.98 49.36 -46.05;
59.97 49.61 -45.53;
60.23 49.47 -45.97;
59.76 49.48 -46.19;
59.55 49.47 -46.14;
60.14 49.41 -45.99;
60.10 49.67 -45.69;
59.94 49.39 -45.69;
59.74 49.74 -46.11;
59.75 49.50 -46.10;
60.04 49.47 -46.31;
60.37 49.61 -45.87;
59.96 49.51 -46.06;
59.94 49.78 -46.29;
60.04 49.49 -46.06;
60.11 49.35 -45.82;
60.26 49.28 -45.78;
60.19 49.67 -46.39;
59.73 49.67 -46.52;
60.32 49.53 -46.33;
60.18 49.67 -46.44;
59.98 49.39 -46.44;
60.04 49.56 -46.46;
59.92 49.45 -46.13;
60.07 49.60 -46.11;
60.12 49.47 -46.40;
60.37 49.53 -46.14;
59.90 49.77 -46.09;
60.06 49.46 -46.03;
60.31 49.23 -45.90;
60.28 49.61 -46.13;
60.13 49.51 -46.19;
59.89 49.37 -46.06;
60.20 49.53 -46.27;
60.30 49.46 -46.39;
60.26 49.88 -46.32;
59.84 49.36 -46.13;
59.91 49.44 -46.81;
60.36 49.49 -46.35;
60.31 49.36 -46.69;
60.21 49.75 -46.23;
60.22 49.51 -46.23;
60.11 49.49 -46.17;
60.28 49.85 -46.01;
60.03 49.54 -46.17;
60.11 49.42 -46.46;
60.07 49.49 -46.03;
60.22 49.26 -46.24;
60.38 49.58 -46.04;
60.16 50.04 -45.89;
60.13 49.68 -46.27;
59.91 49.49 -46.38;
60.31 49.24 -46.34;
60.28 49.89 -46.06;
60.17 49.16 -46.22;
60.11 49.48 -46.08;
60.31 49.19 -46.36;
60.30 49.46 -46.30;
60.33 49.54 -46.09;
60.02 49.54 -46.54;
60.26 49.63 -46.26;
60.16 49.51 -45.89;
60.39 49.38 -45.98;
60.31 49.48 -46.17;
60.05 49.81 -46.11;
60.03 49.50 -45.83;
60.23 49.56 -45.87;
60.26 49.56 -46.15;
60.04 49.40 -45.81;
59.92 49.74 -46.11;
60.16 49.42 -45.99;
60.31 49.42 -46.15;
60.21 49.37 -46.08;
59.93 49.49 -46.06;
59.86 49.23 -46.31;
60.21 49.40 -46.46;
60.24 49.66 -45.91;
59.99 49.33 -46.24;
60.13 49.42 -46.38;
60.13 49.47 -46.24;
60.14 49.49 -45.77;
60.54 49.44 -45.91;
60.11 49.82 -45.74;
59.84 49.49 -46.42;
60.22 49.45 -46.10;
60.24 49.39 -45.99;
60.14 49.72 -46.01;
60.22 49.35 -46.06;
60.14 49.38 -46.06;
60.00 49.62 -46.22;
60.36 49.38 -46.38;
60.13 49.47 -45.99;
60.22 49.56 -46.39;
60.12 49.53 -45.88;
59.99 49.17 -45.84;
60.06 49.34 -46.17;
60.11 49.59 -46.15;
60.18 49.76 -46.35;
60.47 49.28 -46.31;
60.29 49.32 -46.18;
60.34 49.34 -45.96;
60.04 49.30 -46.19;
60.19 49.46 -46.14;
60.37 49.60 -46.07;
60.25 49.77 -46.24;
60.33 49.64 -46.48;
59.95 49.72 -46.44;
59.97 49.49 -45.99;
60.36 49.46 -46.55;
60.41 49.87 -46.63;
60.40 49.63 -46.55;
60.23 49.61 -46.15;
60.26 49.74 -46.36;
60.33 49.59 -45.79;
60.38 49.68 -46.39;
60.06 49.61 -46.52;
60.19 49.47 -46.22;
60.17 49.51 -46.22;
60.46 49.52 -45.84;
59.83 49.94 -46.41;
59.96 49.60 -46.35;
60.03 49.50 -46.23;
60.26 49.68 -46.08;
60.07 49.77 -46.33;
60.02 49.47 -46.44;
60.03 49.65 -46.42;
60.14 49.46 -45.83;
60.12 49.83 -46.26;
60.18 49.59 -46.32;
60.09 49.63 -46.41;
60.04 49.31 -46.42;
60.21 49.58 -46.22;
60.41 49.75 -46.26;
60.07 49.69 -46.11;
60.08 49.51 -45.90;
60.01 49.92 -46.24;
60.06 49.97 -46.56;
60.25 49.46 -46.19;
60.27 49.52 -46.08;
60.33 49.72 -45.89;
59.89 49.58 -46.49;
60.25 49.33 -46.46;
60.22 49.55 -46.09;
60.06 49.26 -46.11;
60.24 49.30 -46.06;
60.15 49.49 -46.20;
60.44 49.66 -46.13;
60.21 49.64 -46.51;
60.14 49.64 -46.40;
60.16 49.59 -46.23;
60.15 49.66 -46.76;
60.41 49.59 -46.53;
60.37 49.79 -46.63;
60.01 49.59 -46.38;
60.34 49.30 -46.42;
60.16 49.59 -46.05;
60.16 49.68 -46.28;
60.11 49.68 -46.15;
59.87 49.33 -46.47;
59.95 49.79 -46.34;
60.33 49.71 -46.54;
60.15 49.71 -46.20;
59.83 49.49 -46.38;
60.01 49.40 -46.34;
60.28 49.49 -46.21;
60.15 49.52 -46.24;
59.94 49.54 -46.40;
59.89 49.82 -46.44;
60.16 49.63 -46.46;
60.39 49.47 -46.61;
60.03 49.38 -46.34;
60.21 49.62 -46.55;
60.23 49.78 -46.28;
60.24 49.89 -46.96;
60.44 49.94 -46.29;
59.97 49.86 -46.34;
60.10 49.45 -46.53;
60.29 49.39 -46.56;
60.53 49.58 -46.79;
60.33 49.96 -46.49;
60.16 49.75 -46.22;
59.92 49.50 -46.23;
60.24 49.38 -46.36;
60.53 49.53 -46.36;
60.29 49.86 -46.42;
60.17 49.73 -46.47;
60.13 49.64 -46.72;
60.06 49.97 -46.54;
60.33 49.64 -46.33;
60.22 49.79 -46.38;
60.21 49.43 -46.38;
60.24 49.71 -46.47;
60.47 49.72 -46.35;
60.41 49.66 -46.36;
60.21 50.09 -46.79;
60.07 49.49 -46.38;
60.01 49.61 -46.69;
60.32 49.52 -46.92;
60.24 49.96 -46.61;
60.32 49.39 -46.39;
59.84 50.02 -46.49;
60.10 49.64 -46.43;
60.21 49.46 -46.72;
60.19 49.67 -46.74;
60.21 49.94 -46.41;
59.89 49.70 -46.50;
60.47 49.67 -46.39;
60.17 49.71 -46.59;
60.08 49.89 -46.52;
60.02 49.84 -46.77;
60.14 49.61 -47.17;
60.31 49.71 -46.38;
60.10 49.79 -46.74;
60.16 49.43 -46.42;
60.02 49.52 -46.40;
60.24 49.76 -46.72;
60.27 49.66 -46.38;
60.39 49.82 -46.84;
60.16 49.74 -46.58;
60.22 49.86 -46.64;
60.44 49.68 -46.40;
60.21 49.89 -46.75;
60.13 49.93 -46.61;
60.08 49.53 -46.90;
60.14 49.62 -46.22;
60.21 49.64 -46.47;
60.28 49.79 -46.80;
60.22 49.79 -46.67;
60.19 49.73 -46.80;
60.41 49.51 -46.85;
60.50 49.76 -46.80;
60.14 49.67 -46.65;
60.22 49.79 -46.92;
60.18 49.73 -47.05;
60.17 49.96 -46.61;
60.39 49.67 -46.71;
60.41 49.92 -46.86;
60.21 49.82 -46.55;
60.22 49.79 -46.76;
60.39 49.97 -46.86;
60.24 49.61 -46.67;
60.09 49.89 -47.03;
60.26 49.64 -47.02;
60.26 49.75 -46.48;
60.22 49.82 -46.71;
60.21 50.04 -46.65;
59.97 49.65 -46.88;
60.16 49.69 -46.43;
60.18 49.84 -46.63;
60.02 49.89 -46.51;
59.87 49.79 -46.69;
60.23 49.65 -47.03;
60.31 50.06 -46.60;
60.21 49.54 -46.81;
60.20 49.98 -46.81;
59.88 49.66 -46.84;
59.76 49.63 -46.96;
60.34 50.04 -46.64;
60.05 49.93 -46.08;
60.21 49.54 -46.65;
60.08 49.33 -46.09;
60.35 49.74 -46.65;
60.27 49.90 -46.22;
60.22 49.83 -46.44;
60.18 49.63 -46.51;
60.06 49.29 -46.52;
60.21 49.51 -46.30;
60.44 49.84 -46.34;
60.13 49.71 -46.85;
59.89 49.45 -46.32;
60.20 49.54 -46.56;
60.25 49.70 -46.44;
60.36 49.66 -46.22;
60.18 49.37 -46.77;
59.98 49.36 -46.40;
60.26 49.29 -45.81;
60.42 49.74 -46.24;
60.33 49.36 -46.30;
60.21 49.82 -46.40;
60.22 49.37 -46.59;
60.29 49.57 -46.59;
60.41 49.53 -46.95;
60.36 49.46 -46.11;
60.04 49.77 -46.38;
60.19 49.54 -46.44;
60.26 49.51 -46.51;
60.29 49.63 -46.14;
60.34 49.52 -46.39;
60.11 49.93 -46.44;
60.29 49.58 -46.38;
60.38 49.53 -46.24;
60.01 49.61 -46.24;
60.06 49.92 -46.56;
59.83 49.30 -46.17;
60.06 49.55 -45.98;
60.29 49.73 -46.31;
60.07 49.76 -46.19;
59.81 49.33 -46.71;
60.15 49.85 -46.46;
60.28 49.74 -46.34;
60.29 49.74 -46.56;
60.15 49.53 -46.11;
60.11 49.54 -46.40;
60.16 49.60 -46.85;
60.32 49.45 -46.50;
59.92 50.04 -46.49;
60.02 49.72 -46.41;
60.16 49.50 -46.66;
60.43 49.63 -46.28;
60.21 49.41 -46.44;
60.05 49.41 -46.32;
60.06 49.58 -46.39;
59.97 49.74 -47.01;
60.14 49.63 -46.84;
60.41 49.66 -46.51;
60.08 49.82 -46.18;
60.16 49.59 -46.29;
60.29 49.76 -46.50;
60.29 49.88 -46.44;
60.22 49.64 -46.60;
59.98 49.54 -46.33;
59.94 49.43 -46.65;
60.24 49.66 -46.20;
60.49 49.72 -46.36;
60.19 49.46 -46.36;
60.40 49.63 -46.48;
60.34 49.65 -46.50;
60.32 49.50 -46.56;
60.24 49.61 -46.51;
60.13 49.91 -46.23;
60.01 49.38 -46.46;
60.38 49.22 -46.06;
60.39 49.72 -46.47;
60.45 50.03 -46.52;
59.92 49.44 -46.14;
60.01 49.74 -46.57;
60.21 49.68 -46.27;
60.40 49.61 -46.41;
60.26 49.65 -46.23;
59.98 49.83 -46.23;
60.27 49.39 -46.39;
60.29 49.62 -46.19;
60.00 49.71 -45.99;
60.11 49.71 -46.51;
60.13 49.64 -46.69;
60.24 49.46 -45.95;
60.12 49.56 -46.30;
60.41 49.72 -46.26;
60.24 49.72 -46.43;
60.25 49.56 -46.47;
60.41 49.69 -46.14;
60.47 49.61 -46.42;
60.08 49.44 -45.95;
60.16 49.71 -46.48;
60.15 49.71 -45.99;
60.30 49.79 -46.05;
60.18 49.64 -46.08;
60.11 49.70 -45.76;
60.14 49.40 -46.47;
60.36 49.67 -46.49;
60.25 49.67 -45.91;
60.26 49.60 -46.44;
60.07 49.45 -46.61;
60.03 49.45 -46.24;
60.18 49.49 -46.44;
60.39 49.77 -46.08;
59.91 49.75 -46.48;
59.74 49.56 -46.64;
60.23 49.42 -46.22;
60.11 49.89 -46.34;
60.14 49.49 -46.44;
60.13 49.61 -46.40;
60.11 49.62 -46.54;
60.24 49.50 -45.83;
60.44 49.91 -46.16;
60.16 49.74 -46.31;
60.27 49.58 -46.42;
60.13 49.57 -46.30;
60.41 49.39 -46.57;
60.44 49.54 -46.14;
60.07 49.28 -46.13;
60.11 49.61 -45.87;
60.31 49.56 -46.31;
60.32 49.69 -46.46;
60.13 49.64 -46.12;
60.08 49.87 -46.30;
59.99 49.37 -46.44;
59.96 49.44 -46.54;
60.24 49.76 -46.22;
60.16 49.66 -46.52;
60.10 49.29 -46.19;
60.13 49.11 -46.39;
60.33 49.56 -45.90;
60.32 49.96 -46.34;
59.87 49.60 -46.44;
60.13 49.68 -46.36;
60.17 49.62 -45.81;
60.28 49.54 -46.65;
60.36 49.58 -46.22;
60.08 49.56 -46.56;
59.99 49.37 -46.08;
60.13 49.40 -46.24;
60.31 49.66 -46.30;
60.27 49.63 -46.24;
60.20 49.59 -46.22;
60.26 49.19 -46.40;
60.15 49.71 -46.19;
60.16 49.69 -46.05;
60.19 49.78 -46.56;
59.93 49.56 -46.19;
60.33 49.63 -46.11;
60.51 49.66 -45.94;
60.30 49.79 -46.31;
59.87 49.72 -46.35;
60.10 49.29 -46.35;
60.35 49.42 -46.36;
60.28 49.65 -45.94;
60.03 49.81 -46.44;
60.22 49.53 -46.58;
60.28 49.79 -46.51;
60.25 49.59 -46.83;
60.19 49.91 -46.42;
60.23 49.81 -46.22;
60.12 49.57 -46.44;
60.13 49.42 -46.47;
60.34 49.25 -46.35;
60.14 49.64 -46.52;
60.07 49.86 -46.47;
60.13 49.74 -46.08;
60.19 49.70 -46.51;
60.28 49.58 -46.23;
60.01 49.70 -46.35;
60.19 49.86 -45.90;
60.02 49.55 -46.57;
60.24 49.53 -46.07;
60.36 49.61 -46.39;
60.08 49.44 -46.60;
59.92 49.49 -46.05;
60.51 49.76 -46.12;
60.34 49.56 -46.56;
60.08 49.63 -46.39;
60.07 49.56 -46.39;
60.17 49.78 -46.51;
60.22 49.72 -46.39;
60.19 49.41 -46.24;
59.99 49.24 -46.38;
60.09 49.44 -46.80;
60.00 49.65 -46.29;
60.22 49.69 -46.48;
60.28 49.57 -46.44;
59.95 49.42 -46.51;
59.97 49.61 -46.34;
60.33 49.60 -46.14;
60.51 49.64 -46.36;
60.17 49.78 -46.42;
59.98 49.71 -46.24;
60.08 49.47 -46.36;
60.43 49.72 -46.17;
60.33 49.51 -46.42;
60.05 49.85 -46.34;
60.02 49.76 -46.83;
60.13 49.58 -46.39;
60.22 49.81 -46.56;
60.44 49.70 -46.28;
60.49 49.75 -46.79;
60.03 49.62 -46.67;
60.09 49.84 -46.36;
60.42 49.61 -46.17;
60.02 49.67 -46.55;
60.05 49.44 -46.56;
59.94 49.73 -46.61;
60.04 49.64 -46.31;
60.22 49.58 -46.19;
60.04 49.74 -46.35;
60.25 49.42 -46.29;
60.19 49.31 -46.61;
60.53 49.80 -46.38;
60.16 49.69 -46.34;
60.04 49.47 -46.57;
60.26 49.39 -46.46;
60.27 49.63 -46.63;
60.33 49.73 -46.39;
59.90 49.69 -46.43;
60.25 49.44 -46.84;
60.22 49.21 -46.76;
60.16 49.61 -46.44;
60.33 49.63 -46.14;
60.12 49.60 -46.39;
60.18 49.67 -46.03;
60.13 49.40 -46.38;
60.42 49.67 -46.38;
60.14 49.62 -46.09;
59.90 49.55 -46.28;
60.10 49.63 -46.14;
60.02 49.49 -46.30;
60.17 49.67 -46.17;
59.81 49.83 -45.99;
59.98 49.48 -46.47;
60.20 49.61 -46.55;
60.41 49.66 -46.44;
60.18 49.61 -46.35;
59.74 49.67 -45.78;
60.06 49.39 -46.13;
60.11 49.64 -46.18;
60.47 49.76 -46.28;
60.09 49.93 -46.42;
60.07 49.43 -46.33;
60.11 49.80 -46.41;
